0.000000000000000000e+00 -7.000000000000000666e-02
2.500000000000000052e-04 -6.982588777640186262e-02
5.000000000000000104e-04 -6.957100628798512654e-02
7.500000000000000156e-04 -6.929691247653080310e-02
1.000000000000000021e-03 -6.902481458581205542e-02
1.250000000000000026e-03 -6.875981554183896449e-02
1.500000000000000031e-03 -6.850217923056581282e-02
1.750000000000000036e-03 -6.825091525188542452e-02
2.000000000000000042e-03 -6.800492063357635453e-02
2.250000000000000264e-03 -6.776329776610948152e-02
2.500000000000000052e-03 -6.752539975770993630e-02
2.749999999999999840e-03 -6.729079708506086055e-02
3.000000000000000062e-03 -6.705923038487821009e-02
3.250000000000000284e-03 -6.683056884756774507e-02
3.500000000000000073e-03 -6.660477839137793343e-02
3.749999999999999861e-03 -6.638189855819781604e-02
4.000000000000000083e-03 -6.616202563127188130e-02
4.250000000000000305e-03 -6.594529999337842008e-02
4.500000000000000527e-03 -6.573189675944268728e-02
4.749999999999999882e-03 -6.552202455276828763e-02
5.000000000000000104e-03 -6.531592214951834063e-02
5.250000000000000326e-03 -6.511384024956134997e-02
5.499999999999999681e-03 -6.491603720706887182e-02
5.749999999999999903e-03 -6.472276470755167210e-02
6.000000000000000125e-03 -6.453419264112758569e-02
6.250000000000000347e-03 -6.435040404083655630e-02
6.500000000000000569e-03 -6.417154392564236587e-02
6.749999999999999924e-03 -6.399781237762669495e-02
7.000000000000000146e-03 -6.382949130474532828e-02
7.250000000000000368e-03 -6.366690821207462991e-02
7.499999999999999722e-03 -6.351032977325954398e-02
7.749999999999999944e-03 -6.336006838541527464e-02
8.000000000000000167e-03 -6.321645799429392865e-02
8.250000000000000389e-03 -6.307970670932305790e-02
8.500000000000000611e-03 -6.295017111604211957e-02
8.750000000000000833e-03 -6.282801759359607496e-02
9.000000000000001055e-03 -6.271357249236750309e-02
9.249999999999999542e-03 -6.260693942498496423e-02
9.499999999999999764e-03 -6.250843181108925450e-02
9.749999999999999986e-03 -6.241811394254838385e-02
1.000000000000000021e-02 -6.233612888234042748e-02
1.025000000000000043e-02 -6.226263278938240497e-02
1.050000000000000065e-02 -6.219758209641863822e-02
1.075000000000000087e-02 -6.214094470745763765e-02
1.099999999999999936e-02 -6.209278212985218370e-02
1.124999999999999958e-02 -6.205301513074146236e-02
1.149999999999999981e-02 -6.202147217537973267e-02
1.175000000000000003e-02 -6.199799575317031797e-02
1.200000000000000025e-02 -6.198234275502610691e-02
1.225000000000000047e-02 -6.197426860081457767e-02
1.250000000000000069e-02 -6.197352412811617250e-02
1.275000000000000092e-02 -6.197982000301791028e-02
1.300000000000000114e-02 -6.199283862617407936e-02
1.324999999999999963e-02 -6.201222812863962930e-02
1.349999999999999985e-02 -6.203759584392794235e-02
1.375000000000000007e-02 -6.206859816286171283e-02
1.400000000000000029e-02 -6.210487266334813183e-02
1.425000000000000051e-02 -6.214603450331351864e-02
1.450000000000000074e-02 -6.219176571847674639e-02
1.475000000000000096e-02 -6.224175922036581654e-02
1.499999999999999944e-02 -6.229562908716222702e-02
1.524999999999999967e-02 -6.235298836501877717e-02
1.549999999999999989e-02 -6.241353322977054308e-02
1.575000000000000011e-02 -6.247703667764793745e-02
1.600000000000000033e-02 -6.254323385157135873e-02
1.625000000000000056e-02 -6.261176287120288897e-02
1.650000000000000078e-02 -6.268239560516776498e-02
1.675000000000000100e-02 -6.275499166561311626e-02
1.700000000000000122e-02 -6.282927613225787467e-02
1.725000000000000144e-02 -6.290501083122009007e-02
1.750000000000000167e-02 -6.298208062133690832e-02
1.775000000000000189e-02 -6.306032668018939080e-02
1.800000000000000211e-02 -6.313949246310000818e-02
1.824999999999999886e-02 -6.321947845555971057e-02
1.849999999999999908e-02 -6.330019006855273911e-02
1.874999999999999931e-02 -6.338139867728388721e-02
1.899999999999999953e-02 -6.346302976504887561e-02
1.924999999999999975e-02 -6.354502797508428114e-02
1.949999999999999997e-02 -6.362719676395874047e-02
1.975000000000000019e-02 -6.370948598019963993e-02
2.000000000000000042e-02 -6.379186713927330332e-02
2.025000000000000064e-02 -6.387417321489623212e-02
2.050000000000000086e-02 -6.395637223808935123e-02
2.075000000000000108e-02 -6.403845437766923776e-02
2.100000000000000130e-02 -6.412027621684425471e-02
2.125000000000000153e-02 -6.420181818220870029e-02
2.150000000000000175e-02 -6.428309155125329355e-02
2.175000000000000197e-02 -6.436397467700495645e-02
2.199999999999999872e-02 -6.444444916480233931e-02
2.224999999999999895e-02 -6.452454620959165166e-02
2.249999999999999917e-02 -6.460416639481293688e-02
2.274999999999999939e-02 -6.468327753434198468e-02
2.299999999999999961e-02 -6.476191406491289826e-02
2.324999999999999983e-02 -6.483999031856267636e-02
2.350000000000000006e-02 -6.491744321987967525e-02
2.375000000000000028e-02 -6.499431778896753997e-02
2.400000000000000050e-02 -6.507057385097965441e-02
2.425000000000000072e-02 -6.514611194182860776e-02
2.450000000000000094e-02 -6.522098916487094333e-02
2.475000000000000117e-02 -6.529521629857597265e-02
2.500000000000000139e-02 -6.536866740048351276e-02
2.525000000000000161e-02 -6.544139417256465696e-02
2.550000000000000183e-02 -6.551344606014540550e-02
2.575000000000000205e-02 -6.558471684508858368e-02
2.600000000000000228e-02 -6.565520843259646522e-02
2.624999999999999903e-02 -6.572498841936359748e-02
2.649999999999999925e-02 -6.579403549224489833e-02
2.674999999999999947e-02 -6.586226098918303296e-02
2.699999999999999969e-02 -6.592974003894384871e-02
2.724999999999999992e-02 -6.599650566577446031e-02
2.750000000000000014e-02 -6.606248464287227395e-02
2.775000000000000036e-02 -6.612767378528032480e-02
2.800000000000000058e-02 -6.619213465804459073e-02
2.825000000000000080e-02 -6.625587247949198122e-02
2.850000000000000103e-02 -6.631882406991142231e-02
2.875000000000000125e-02 -6.638101665113836647e-02
2.900000000000000147e-02 -6.644249068489553600e-02
2.925000000000000169e-02 -6.650325055075760605e-02
2.950000000000000192e-02 -6.656325077366849474e-02
2.975000000000000214e-02 -6.662251195546660398e-02
2.999999999999999889e-02 -6.668106816409154203e-02
3.024999999999999911e-02 -6.673893066720341938e-02
3.049999999999999933e-02 -6.679607388976492588e-02
3.074999999999999956e-02 -6.685249068504144077e-02
3.099999999999999978e-02 -6.690822097411248948e-02
3.125000000000000000e-02 -6.696328287130191848e-02
3.150000000000000022e-02 -6.701766660085008154e-02
3.175000000000000044e-02 -6.707134770411986302e-02
3.200000000000000067e-02 -6.712435496359907272e-02
3.225000000000000089e-02 -6.717671951731656044e-02
3.250000000000000111e-02 -6.722843538263477414e-02
3.275000000000000133e-02 -6.727950212010362641e-02
3.300000000000000155e-02 -6.732990215329055783e-02
3.325000000000000178e-02 -6.737967342043134356e-02
3.350000000000000200e-02 -6.742883242369150654e-02
3.375000000000000222e-02 -6.747736988894416366e-02
3.400000000000000244e-02 -6.752529339224201677e-02
3.425000000000000266e-02 -6.757259094691679679e-02
3.450000000000000289e-02 -6.761929395145303834e-02
3.475000000000000311e-02 -6.766541314736247703e-02
3.500000000000000333e-02 -6.771093857568828700e-02
3.525000000000000355e-02 -6.775589079970391337e-02
3.550000000000000377e-02 -6.780026024512640637e-02
3.575000000000000400e-02 -6.784405952418016972e-02
3.600000000000000422e-02 -6.788730391418899834e-02
3.624999999999999750e-02 -6.792998508646587441e-02
3.649999999999999772e-02 -6.797212216870164581e-02
3.674999999999999795e-02 -6.801372968053558121e-02
3.699999999999999817e-02 -6.805479186838135630e-02
3.724999999999999839e-02 -6.809532222549920244e-02
3.749999999999999861e-02 -6.813532467811676818e-02
3.774999999999999883e-02 -6.817480603442592491e-02
3.799999999999999906e-02 -6.821378422085098980e-02
3.824999999999999928e-02 -6.825227160399967297e-02
3.849999999999999950e-02 -6.829025407514287271e-02
3.874999999999999972e-02 -6.832773257036396652e-02
3.899999999999999994e-02 -6.836472030644548392e-02
3.925000000000000017e-02 -6.840122269484098794e-02
3.950000000000000039e-02 -6.843725607792021381e-02
3.975000000000000061e-02 -6.847282911381182002e-02
4.000000000000000083e-02 -6.850794527627958319e-02
4.025000000000000105e-02 -6.854259140241071580e-02
4.050000000000000128e-02 -6.857677969630134041e-02
4.075000000000000150e-02 -6.861051453722528948e-02
4.100000000000000172e-02 -6.864380622875683458e-02
4.125000000000000194e-02 -6.867666724451269855e-02
4.150000000000000216e-02 -6.870910227644287660e-02
4.175000000000000239e-02 -6.874111793621094646e-02
4.200000000000000261e-02 -6.877271619353254872e-02
4.225000000000000283e-02 -6.880388966829363573e-02
4.250000000000000305e-02 -6.883464425771183837e-02
4.275000000000000328e-02 -6.886499083631690554e-02
4.300000000000000350e-02 -6.889493970538414225e-02
4.325000000000000372e-02 -6.892449713785435417e-02
4.350000000000000394e-02 -6.895367182368174197e-02
4.375000000000000416e-02 -6.898246875605047734e-02
4.399999999999999745e-02 -6.901089167364966859e-02
4.424999999999999767e-02 -6.903893110353058471e-02
4.449999999999999789e-02 -6.906658956121920767e-02
4.474999999999999811e-02 -6.909387878310339903e-02
4.499999999999999833e-02 -6.912080803743218815e-02
4.524999999999999856e-02 -6.914738518860409633e-02
4.549999999999999878e-02 -6.917361602941309029e-02
4.574999999999999900e-02 -6.919950664390074613e-02
4.599999999999999922e-02 -6.922506151527237084e-02
4.624999999999999944e-02 -6.925028546679055930e-02
4.649999999999999967e-02 -6.927517321321534360e-02
4.674999999999999989e-02 -6.929971957223708678e-02
4.700000000000000011e-02 -6.932393602113699760e-02
4.725000000000000033e-02 -6.934783297387799028e-02
4.750000000000000056e-02 -6.937141820371948986e-02
4.775000000000000078e-02 -6.939469686428655082e-02
4.800000000000000100e-02 -6.941767389562426838e-02
4.825000000000000122e-02 -6.944035441651315310e-02
4.850000000000000144e-02 -6.946274358192759679e-02
4.875000000000000167e-02 -6.948484542088746718e-02
4.900000000000000189e-02 -6.950665786289801640e-02
4.925000000000000211e-02 -6.952817015753694208e-02
4.950000000000000233e-02 -6.954939346728121474e-02
4.975000000000000255e-02 -6.957033809727304619e-02
5.000000000000000278e-02 -6.959101112945424716e-02
5.025000000000000300e-02 -6.864189118659282107e-02
5.050000000000000322e-02 -6.675934059479911309e-02
5.075000000000000344e-02 -6.488458612056934027e-02
5.100000000000000366e-02 -6.302064760590435355e-02
5.125000000000000389e-02 -6.097807909475626287e-02
5.150000000000000411e-02 -5.828620105559834119e-02
5.175000000000000433e-02 -5.265658205602680164e-02
5.200000000000000455e-02 4.707967876629610970e-02
5.224999999999999784e-02 -1.965397727364552594e-02
5.249999999999999806e-02 -7.923818762471429578e-02
5.274999999999999828e-02 -7.063545561928469274e-02
5.299999999999999850e-02 -6.774097054033401122e-02
5.324999999999999872e-02 -6.627998386183173163e-02
5.349999999999999895e-02 -6.444844183858561282e-02
5.374999999999999917e-02 -6.209806292289779539e-02
5.399999999999999939e-02 -5.925451001317851019e-02
5.424999999999999961e-02 -5.521107282016546325e-02
5.449999999999999983e-02 -3.643636131203849271e-02
5.475000000000000006e-02 5.423746499738759178e-03
5.500000000000000028e-02 -6.493573284923069566e-02
5.525000000000000050e-02 -6.836949563253903739e-02
5.550000000000000072e-02 -6.179936433329133449e-02
5.575000000000000094e-02 -6.539581840404240509e-02
5.600000000000000117e-02 -6.885981646161259961e-02
5.625000000000000139e-02 -7.033249469731445158e-02
5.650000000000000161e-02 -7.048597606320394782e-02
5.675000000000000183e-02 -7.011535539126520500e-02
5.700000000000000205e-02 -6.966837493127064906e-02
5.725000000000000228e-02 -6.932557638742289918e-02
5.750000000000000250e-02 -6.912896859382453019e-02
5.775000000000000272e-02 -6.906139020188814537e-02
5.800000000000000294e-02 -6.908712092500593482e-02
5.825000000000000316e-02 -6.917067086324968361e-02
5.850000000000000339e-02 -6.928397952397230553e-02
5.875000000000000361e-02 -6.940767001251857415e-02
5.900000000000000383e-02 -6.952975468616548471e-02
5.925000000000000405e-02 -6.964352613216026611e-02
5.950000000000000427e-02 -6.974574953785050990e-02
5.975000000000000450e-02 -6.983524520441647399e-02
5.999999999999999778e-02 -6.991196829501447607e-02
6.024999999999999800e-02 -6.997650566063098876e-02
6.049999999999999822e-02 -7.002967681700467129e-02
6.074999999999999845e-02 -7.007236751870737912e-02
6.099999999999999867e-02 -7.010551394743580467e-02
6.124999999999999889e-02 -7.012999389789845162e-02
6.149999999999999911e-02 -7.014662067086974151e-02
6.174999999999999933e-02 -7.015612874151858080e-02
6.199999999999999956e-02 -7.015919018710453647e-02
6.224999999999999978e-02 -7.015642157858797967e-02
6.250000000000000000e-02 -7.014838363851139125e-02
6.275000000000000022e-02 -7.013558293699273527e-02
6.300000000000000044e-02 -7.011847623486749947e-02
6.325000000000000067e-02 -7.009748038341334642e-02
6.350000000000000089e-02 -7.007297426125641548e-02
6.375000000000000111e-02 -7.004530199952649361e-02
6.400000000000000133e-02 -7.001477680190371089e-02
6.425000000000000155e-02 -6.998168094279688667e-02
6.450000000000000178e-02 -6.994626170552978306e-02
6.475000000000000200e-02 -6.990876102287904570e-02
6.500000000000000222e-02 -6.986939749481446693e-02
6.525000000000000244e-02 -6.982836897395428011e-02
6.550000000000000266e-02 -6.978584864887374395e-02
6.575000000000000289e-02 -6.974200725810442147e-02
6.600000000000000311e-02 -6.969698154164669091e-02
6.625000000000000333e-02 -6.965091090519615058e-02
6.650000000000000355e-02 -6.960392806436271895e-02
6.675000000000000377e-02 -6.955614535620344152e-02
6.700000000000000400e-02 -6.950766553503706646e-02
6.725000000000000422e-02 -6.945858484039613145e-02
6.750000000000000444e-02 -6.940898731132927324e-02
6.775000000000000466e-02 -6.935896903286886683e-02
6.800000000000000488e-02 -6.930860090105972482e-02
6.825000000000000511e-02 -6.925794213670702359e-02
6.850000000000000533e-02 -6.920705460516743401e-02
6.875000000000000555e-02 -6.915599305952041531e-02
6.900000000000000577e-02 -6.910483043162607419e-02
6.925000000000000600e-02 -6.905361394284686982e-02
6.950000000000000622e-02 -6.900237231372277624e-02
6.975000000000000644e-02 -6.895114331037927036e-02
7.000000000000000666e-02 -6.889996620852489873e-02
7.025000000000000688e-02 -6.977955779961117488e-02
7.050000000000000711e-02 -7.137622886816566425e-02
7.075000000000000733e-02 -7.266104685231519755e-02
7.100000000000000755e-02 -7.360520968953551679e-02
7.125000000000000777e-02 -7.430130074395069339e-02
7.150000000000000799e-02 -7.483154379195525174e-02
7.175000000000000822e-02 -7.525153280686017188e-02
7.200000000000000844e-02 -7.559595009122443976e-02
7.224999999999999478e-02 -7.588604296924589265e-02
7.249999999999999500e-02 -7.613502838017732754e-02
7.274999999999999523e-02 -7.635142660701244033e-02
7.299999999999999545e-02 -7.654100399475829986e-02
7.324999999999999567e-02 -7.670787714364657450e-02
7.349999999999999589e-02 -7.685514381706545772e-02
7.374999999999999611e-02 -7.698523440993967903e-02
7.399999999999999634e-02 -7.710013388420827729e-02
7.424999999999999656e-02 -7.720150054740790302e-02
7.449999999999999678e-02 -7.729075999067008818e-02
7.474999999999999700e-02 -7.736913988233576345e-02
7.499999999999999722e-02 -7.743772318105845986e-02
7.524999999999999745e-02 -7.749746938635343474e-02
7.549999999999999767e-02 -7.754922324710558645e-02
7.574999999999999789e-02 -7.759374208163999365e-02
7.599999999999999811e-02 -7.763170861544807511e-02
7.624999999999999833e-02 -7.766373273952134615e-02
7.649999999999999856e-02 -7.769036510093205172e-02
7.674999999999999878e-02 -7.771210272649881068e-02
7.699999999999999900e-02 -7.772939334913783749e-02
7.724999999999999922e-02 -7.774264260276905758e-02
7.749999999999999944e-02 -7.775222022064254279e-02
7.774999999999999967e-02 -7.775846129200419954e-02
7.799999999999999989e-02 -7.776167125552224668e-02
7.825000000000000011e-02 -7.776212828670550636e-02
7.850000000000000033e-02 -7.776008598009762074e-02
7.875000000000000056e-02 -7.775577570979713693e-02
7.900000000000000078e-02 -7.774940876594765848e-02
7.925000000000000100e-02 -7.774117819793305295e-02
7.950000000000000122e-02 -7.773126112390946196e-02
7.975000000000000144e-02 -7.771982017048259528e-02
8.000000000000000167e-02 -7.770700445821698832e-02
8.025000000000000189e-02 -7.769295089971281487e-02
8.050000000000000211e-02 -7.767778524001364704e-02
8.075000000000000233e-02 -7.766162309779861550e-02
8.100000000000000255e-02 -7.764457049868001004e-02
8.125000000000000278e-02 -7.762672560988215231e-02
8.150000000000000300e-02 -7.760817889124266289e-02
8.175000000000000322e-02 -7.758901352489344649e-02
8.200000000000000344e-02 -7.756930618474747186e-02
8.225000000000000366e-02 -7.754912764786695001e-02
8.250000000000000389e-02 -7.752854319309623876e-02
8.275000000000000411e-02 -7.750761301508873879e-02
8.300000000000000433e-02 -7.748639224250444824e-02
8.325000000000000455e-02 -7.746493108297691776e-02
8.350000000000000477e-02 -7.744327774756368243e-02
8.375000000000000500e-02 -7.742147637971744101e-02
8.400000000000000522e-02 -7.739956708967277166e-02
8.425000000000000544e-02 -7.737758602978625500e-02
8.450000000000000566e-02 -7.735556802512891239e-02
8.475000000000000588e-02 -7.733354521090460287e-02
8.500000000000000611e-02 -7.731154704701576064e-02
8.525000000000000633e-02 -7.728960050303435025e-02
8.550000000000000655e-02 -7.726773007942489002e-02
8.575000000000000677e-02 -7.724595838276002158e-02
8.600000000000000699e-02 -7.722430497027354956e-02
8.625000000000000722e-02 -7.720278938967317650e-02
8.650000000000000744e-02 -7.718142986526616012e-02
8.675000000000000766e-02 -7.716024251923611632e-02
8.700000000000000788e-02 -7.713924074475839165e-02
8.725000000000000810e-02 -7.711843700950293812e-02
8.750000000000000833e-02 -7.709784087621801563e-02
8.775000000000000855e-02 -7.707745730970297360e-02
8.799999999999999489e-02 -7.705728972732631132e-02
8.824999999999999512e-02 -7.703734212750454335e-02
8.849999999999999534e-02 -7.701761940441542720e-02
8.874999999999999556e-02 -7.699812659987986807e-02
8.899999999999999578e-02 -7.697886180698276792e-02
8.924999999999999600e-02 -7.695981817115687962e-02
8.949999999999999623e-02 -7.694099204999974018e-02
8.974999999999999645e-02 -7.692238415214119884e-02
8.999999999999999667e-02 -7.690399768818237392e-02
9.024999999999999689e-02 -7.688583679931876302e-02
9.049999999999999711e-02 -7.686790746902372184e-02
9.074999999999999734e-02 -7.685021542167100317e-02
9.099999999999999756e-02 -7.683276417558962401e-02
9.124999999999999778e-02 -7.681553592934614594e-02
9.149999999999999800e-02 -7.679846213297206181e-02
9.174999999999999822e-02 -7.678146449649150829e-02
9.199999999999999845e-02 -7.676451928763985966e-02
9.224999999999999867e-02 -7.674763628442393681e-02
9.249999999999999889e-02 -7.673083490043136612e-02
9.274999999999999911e-02 -7.671411058247742942e-02
9.299999999999999933e-02 -7.669737565469614271e-02
9.324999999999999956e-02 -7.668060338367460593e-02
9.349999999999999978e-02 -7.666382031791377227e-02
9.375000000000000000e-02 -7.664706201100468519e-02
9.400000000000000022e-02 -7.663036113128604554e-02
9.425000000000000044e-02 -7.661374466932716065e-02
9.450000000000000067e-02 -7.659723433229270739e-02
9.475000000000000089e-02 -7.658084796114217330e-02
9.500000000000000111e-02 -7.656460047149490911e-02
9.525000000000000133e-02 -7.654850440390034705e-02
9.550000000000000155e-02 -7.653257081407396911e-02
9.575000000000000178e-02 -7.651680953636100235e-02
9.600000000000000200e-02 -7.650122928105654307e-02
9.625000000000000222e-02 -7.648583692685503865e-02
9.650000000000000244e-02 -7.647063882767532461e-02
9.675000000000000266e-02 -7.645564157153514340e-02
9.700000000000000289e-02 -7.644085032010150549e-02
9.725000000000000311e-02 -7.642626981357139582e-02
9.750000000000000333e-02 -7.641190403293890432e-02
9.775000000000000355e-02 -7.639775625961395256e-02
9.800000000000000377e-02 -7.638382994954331928e-02
9.825000000000000400e-02 -7.637012796391481895e-02
9.850000000000000422e-02 -7.635662394214626225e-02
9.875000000000000444e-02 -7.634313335385864430e-02
9.900000000000000466e-02 -7.632957070551948942e-02
9.925000000000000488e-02 -7.631596556669306697e-02
9.950000000000000511e-02 -7.630236577478541338e-02
9.975000000000000533e-02 -7.628881320400957011e-02
1.000000000000000056e-01 -7.627534031984570251e-02
